------------------------------------------------------------
testmap_1.png
Line.point_distance = 0.015
Triangle.distance_trash = 0.01
PolygonDetector.rdp_epsilon = 0.025
PolygonDetector.area_threshold = 400
PolygonDetector.gray_thresh_boundary = 5
------------------------------------------------------------
|----------------------------------------------------------|
| testmap_1.png - [0.05, 0.05] > [0.9, 0.9]                |
|----------------------------------------------------------|
| Fig | epsilon | seconds | vertices | distance | obstacle |
|-----|---------|---------|----------|----------|----------|
|   1 |  0.0000 |   5.870 |      417 | 1.464471 | 0.029783 |
|   2 |  0.0002 |   3.161 |      304 | 1.464437 | 0.029783 |
|   3 |  0.0004 |   2.008 |      230 | 1.464336 | 0.029783 |
|   4 |  0.0008 |   1.093 |      142 | 1.463773 | 0.029783 |
|   5 |  0.0016 |   0.781 |      103 | 1.463682 | 0.029783 |
|   6 |  0.0032 |   0.615 |       74 | 1.463404 | 0.029783 |
|   7 |  0.0064 |   0.500 |       50 | 1.462843 | 0.027459 |
|   8 |  0.0128 |   0.438 |       34 | 1.462023 | 0.027459 |
|   9 |  0.0256 |   0.438 |       31 | 1.462023 | 0.027459 |
|  10 |  0.0512 |   0.422 |       23 | 1.462023 | 0.027459 |
|----------------------------------------------------------|
|----------------------------------------------------------|
| testmap_1.png - [0.05, 0.95] > [0.95, 0.05]              |
|----------------------------------------------------------|
| Fig | epsilon | seconds | vertices | distance | obstacle |
|-----|---------|---------|----------|----------|----------|
|   1 |  0.0000 |   3.336 |      417 | 1.582673 | 0.084056 |
|   2 |  0.0002 |   1.885 |      285 | 1.582625 | 0.084056 |
|   3 |  0.0004 |   1.287 |      214 | 1.582480 | 0.084056 |
|   4 |  0.0008 |   0.847 |      133 | 1.582311 | 0.083799 |
|   5 |  0.0016 |   0.671 |       99 | 1.581957 | 0.083571 |
|   6 |  0.0032 |   0.537 |       73 | 1.581590 | 0.082155 |
|   7 |  0.0064 |   0.455 |       45 | 1.580073 | 0.080131 |
|   8 |  0.0128 |   0.428 |       35 | 1.578325 | 0.080131 |
|   9 |  0.0256 |   0.435 |       28 | 1.570318 | 0.060503 |
|  10 |  0.0512 |   0.410 |       23 | 1.532262 | 0.060503 |
|----------------------------------------------------------|
|----------------------------------------------------------|
| testmap_1.png - [0.55, 0.05] > [0.4, 0.95]               |
|----------------------------------------------------------|
| Fig | epsilon | seconds | vertices | distance | obstacle |
|-----|---------|---------|----------|----------|----------|
|   1 |  0.0000 |   4.893 |      381 | 0.982870 | 0.028613 |
|   2 |  0.0002 |   3.098 |      286 | 0.982870 | 0.028613 |
|   3 |  0.0004 |   2.003 |      214 | 0.982870 | 0.028613 |
|   4 |  0.0008 |   0.990 |      126 | 0.982070 | 0.028118 |
|   5 |  0.0016 |   0.779 |       99 | 0.981709 | 0.028041 |
|   6 |  0.0032 |   0.598 |       69 | 0.981464 | 0.028041 |
|   7 |  0.0064 |   0.484 |       50 | 0.980664 | 0.024199 |
|   8 |  0.0128 |   0.436 |       35 | 0.980664 | 0.024199 |
|   9 |  0.0256 |   0.408 |       28 | 0.980664 | 0.024199 |
|  10 |  0.0512 |   0.409 |       25 | 0.980664 | 0.024199 |
|----------------------------------------------------------|
|----------------------------------------------------------|
| testmap_1.png - [0.05, 0.6] > [0.95, 0.45]               |
|----------------------------------------------------------|
| Fig | epsilon | seconds | vertices | distance | obstacle |
|-----|---------|---------|----------|----------|----------|
|   1 |  0.0000 |   4.972 |      381 | 0.949522 | 0.107997 |
|   2 |  0.0002 |   2.932 |      265 | 0.949499 | 0.107995 |
|   3 |  0.0004 |   1.913 |      202 | 0.949477 | 0.107761 |
|   4 |  0.0008 |   1.000 |      119 | 0.949416 | 0.107761 |
|   5 |  0.0016 |   0.763 |       94 | 0.949389 | 0.107761 |
|   6 |  0.0032 |   0.595 |       67 | 0.949104 | 0.106690 |
|   7 |  0.0064 |   0.471 |       45 | 0.949009 | 0.106690 |
|   8 |  0.0128 |   0.433 |       33 | 0.947800 | 0.103756 |
|   9 |  0.0256 |   0.432 |       29 | 0.947800 | 0.103756 |
|  10 |  0.0512 |   0.422 |       26 | 0.947800 | 0.103756 |
|----------------------------------------------------------|


------------------------------------------------------------
testmap_2.png
Line.point_distance = 0.015
Triangle.distance_trash = 0.01
PolygonDetector.rdp_epsilon = 0.025
PolygonDetector.area_threshold = 400
PolygonDetector.gray_thresh_boundary = 5
------------------------------------------------------------
|----------------------------------------------------------|
| testmap_2.png - [0.05, 0.05] > [0.9, 0.9]                |
|----------------------------------------------------------|
| Fig | epsilon | seconds | vertices | distance | obstacle |
|-----|---------|---------|----------|----------|----------|
|   1 |  0.0000 |   9.469 |      620 | 1.605798 | 0.053882 |
|   2 |  0.0002 |   6.539 |      487 | 1.605683 | 0.053882 |
|   3 |  0.0004 |   3.366 |      302 | 1.605300 | 0.053882 |
|   4 |  0.0008 |   2.550 |      235 | 1.605060 | 0.053882 |
|   5 |  0.0016 |   1.776 |      151 | 1.603783 | 0.052977 |
|   6 |  0.0032 |   1.506 |      112 | 1.602447 | 0.051451 |
|   7 |  0.0064 |   1.384 |       80 | 1.599092 | 0.050726 |
|   8 |  0.0128 |   1.324 |       63 | 1.596410 | 0.050726 |
|   9 |  0.0256 |   1.249 |       50 | 1.584649 | 0.031456 |
|  10 |  0.0512 |   1.218 |       36 | 1.563990 | 0.020340 |
|----------------------------------------------------------|
|----------------------------------------------------------|
| testmap_2.png - [0.05, 0.95] > [0.95, 0.05]              |
|----------------------------------------------------------|
| Fig | epsilon | seconds | vertices | distance | obstacle |
|-----|---------|---------|----------|----------|----------|
|   1 |  0.0000 |  13.056 |      626 | 1.625457 | 0.040256 |
|   2 |  0.0002 |   8.208 |      476 | 1.625334 | 0.040256 |
|   3 |  0.0004 |   3.814 |      290 | 1.624947 | 0.040256 |
|   4 |  0.0008 |   2.911 |      229 | 1.624695 | 0.040256 |
|   5 |  0.0016 |   1.954 |      151 | 1.623411 | 0.039249 |
|   6 |  0.0032 |   1.577 |      110 | 1.622411 | 0.039249 |
|   7 |  0.0064 |   1.383 |       81 | 1.618596 | 0.036007 |
|   8 |  0.0128 |   1.301 |       62 | 1.613926 | 0.036007 |
|   9 |  0.0256 |   1.258 |       51 | 1.609920 | 0.024625 |
|  10 |  0.0512 |   1.204 |       37 | 1.566674 | 0.008247 |
|----------------------------------------------------------|
|----------------------------------------------------------|
| testmap_2.png - [0.55, 0.05] > [0.4, 0.95]               |
|----------------------------------------------------------|
| Fig | epsilon | seconds | vertices | distance | obstacle |
|-----|---------|---------|----------|----------|----------|
|   1 |  0.0000 |  12.605 |      602 | 1.033276 | 0.049847 |
|   2 |  0.0002 |   7.879 |      455 | 1.033249 | 0.049847 |
|   3 |  0.0004 |   3.549 |      267 | 1.032952 | 0.049847 |
|   4 |  0.0008 |   2.758 |      213 | 1.032849 | 0.049847 |
|   5 |  0.0016 |   1.890 |      141 | 1.031904 | 0.049847 |
|   6 |  0.0032 |   1.610 |      108 | 1.031045 | 0.049847 |
|   7 |  0.0064 |   1.390 |       76 | 1.029787 | 0.048169 |
|   8 |  0.0128 |   1.308 |       60 | 1.025395 | 0.048169 |
|   9 |  0.0256 |   1.249 |       48 | 1.016692 | 0.035519 |
|  10 |  0.0512 |   1.210 |       37 | 1.072828 | 0.035519 |
|----------------------------------------------------------|
|----------------------------------------------------------|
| testmap_2.png - [0.05, 0.6] > [0.95, 0.45]               |
|----------------------------------------------------------|
| Fig | epsilon | seconds | vertices | distance | obstacle |
|-----|---------|---------|----------|----------|----------|
|   1 |  0.0000 |  14.674 |      604 | 1.169990 | 0.048567 |
|   2 |  0.0002 |   9.448 |      467 | 1.169939 | 0.048524 |
|   3 |  0.0004 |   4.202 |      277 | 1.169463 | 0.048479 |
|   4 |  0.0008 |   3.081 |      220 | 1.169319 | 0.048479 |
|   5 |  0.0016 |   2.074 |      145 | 1.168618 | 0.048059 |
|   6 |  0.0032 |   1.647 |      105 | 1.167874 | 0.048059 |
|   7 |  0.0064 |   1.439 |       77 | 1.165304 | 0.044631 |
|   8 |  0.0128 |   1.322 |       61 | 1.161983 | 0.037725 |
|   9 |  0.0256 |   1.273 |       50 | 1.159740 | 0.037725 |
|  10 |  0.0512 |   1.232 |       37 | 1.229015 | 0.021749 |
|----------------------------------------------------------|


------------------------------------------------------------
testmap_3.png
Line.point_distance = 0.015
Triangle.distance_trash = 0.01
PolygonDetector.rdp_epsilon = 0.01
PolygonDetector.area_threshold = 400
PolygonDetector.gray_thresh_boundary = 3
------------------------------------------------------------
|----------------------------------------------------------|
| testmap_3.png - [0.05, 0.05] > [0.9, 0.9]                |
|----------------------------------------------------------|
| Fig | epsilon | seconds | vertices | distance | obstacle |
|-----|---------|---------|----------|----------|----------|
|   1 |  0.0000 |   5.069 |      425 | 1.459519 | 0.075123 |
|   2 |  0.0002 |   2.506 |      266 | 1.459444 | 0.075123 |
|   3 |  0.0004 |   1.492 |      183 | 1.459316 | 0.075123 |
|   4 |  0.0008 |   1.033 |      129 | 1.458998 | 0.074425 |
|   5 |  0.0016 |   0.795 |       95 | 1.458644 | 0.074425 |
|   6 |  0.0032 |   0.673 |       69 | 1.457888 | 0.074425 |
|   7 |  0.0064 |   0.609 |       52 | 1.456313 | 0.072252 |
|   8 |  0.0128 |   0.546 |       38 | 1.455468 | 0.072252 |
|   9 |  0.0256 |   0.549 |       29 | 1.448726 | 0.062970 |
|  10 |  0.0512 |   0.529 |       24 | 1.441289 | 0.062970 |
|----------------------------------------------------------|
|----------------------------------------------------------|
| testmap_3.png - [0.05, 0.95] > [0.95, 0.05]              |
|----------------------------------------------------------|
| Fig | epsilon | seconds | vertices | distance | obstacle |
|-----|---------|---------|----------|----------|----------|
|   1 |  0.0000 |   6.375 |      430 | 1.609713 | 0.069331 |
|   2 |  0.0002 |   2.895 |      264 | 1.609627 | 0.069331 |
|   3 |  0.0004 |   1.712 |      187 | 1.609493 | 0.069331 |
|   4 |  0.0008 |   1.106 |      130 | 1.609134 | 0.068733 |
|   5 |  0.0016 |   0.854 |       97 | 1.608633 | 0.068733 |
|   6 |  0.0032 |   0.686 |       71 | 1.607823 | 0.068733 |
|   7 |  0.0064 |   0.615 |       54 | 1.606190 | 0.068733 |
|   8 |  0.0128 |   0.553 |       39 | 1.603475 | 0.062664 |
|   9 |  0.0256 |   0.521 |       32 | 1.594938 | 0.062664 |
|  10 |  0.0512 |   0.507 |       25 | 1.594938 | 0.062664 |
|----------------------------------------------------------|
|----------------------------------------------------------|
| testmap_3.png - [0.55, 0.05] > [0.4, 0.95]               |
|----------------------------------------------------------|
| Fig | epsilon | seconds | vertices | distance | obstacle |
|-----|---------|---------|----------|----------|----------|
|   1 |  0.0000 |   4.830 |      399 | 1.342832 | 0.069331 |
|   2 |  0.0002 |   2.568 |      259 | 1.342748 | 0.069331 |
|   3 |  0.0004 |   1.619 |      186 | 1.342637 | 0.069331 |
|   4 |  0.0008 |   1.070 |      130 | 1.342433 | 0.068733 |
|   5 |  0.0016 |   0.813 |       95 | 1.342082 | 0.068733 |
|   6 |  0.0032 |   0.687 |       74 | 1.341731 | 0.068733 |
|   7 |  0.0064 |   0.597 |       51 | 1.340522 | 0.068733 |
|   8 |  0.0128 |   0.580 |       41 | 1.339347 | 0.062474 |
|   9 |  0.0256 |   0.526 |       30 | 1.333083 | 0.062474 |
|  10 |  0.0512 |   0.531 |       25 | 1.333083 | 0.062474 |
|----------------------------------------------------------|
|----------------------------------------------------------|
| testmap_3.png - [0.05, 0.6] > [0.95, 0.45]               |
|----------------------------------------------------------|
| Fig | epsilon | seconds | vertices | distance | obstacle |
|-----|---------|---------|----------|----------|----------|
|   1 |  0.0000 |   6.472 |      399 | 1.045540 | 0.084892 |
|   2 |  0.0002 |   2.982 |      254 | 1.045484 | 0.084892 |
|   3 |  0.0004 |   1.795 |      184 | 1.045409 | 0.084892 |
|   4 |  0.0008 |   1.162 |      128 | 1.045177 | 0.084588 |
|   5 |  0.0016 |   0.898 |       96 | 1.044993 | 0.084551 |
|   6 |  0.0032 |   0.720 |       71 | 1.044643 | 0.084551 |
|   7 |  0.0064 |   0.610 |       49 | 1.043213 | 0.080093 |
|   8 |  0.0128 |   0.569 |       39 | 1.042251 | 0.080093 |
|   9 |  0.0256 |   0.541 |       28 | 1.038790 | 0.070429 |
|  10 |  0.0512 |   0.522 |       25 | 1.038790 | 0.070429 |
|----------------------------------------------------------|


------------------------------------------------------------
testmap_4.png
Line.point_distance = 0.015
Triangle.distance_trash = 0.01
PolygonDetector.rdp_epsilon = 0.01
PolygonDetector.area_threshold = 400
PolygonDetector.gray_thresh_boundary = 15
------------------------------------------------------------
|----------------------------------------------------------|
| testmap_4.png - [0.05, 0.05] > [0.05, 0.95]              |
|----------------------------------------------------------|
| Fig | epsilon | seconds | vertices | distance | obstacle |
|-----|---------|---------|----------|----------|----------|
|   1 |  0.0000 |  16.655 |      737 | 5.778266 | 0.057502 |
|   2 |  0.0002 |   7.610 |      500 | 5.778009 | 0.057471 |
|   3 |  0.0004 |   1.991 |      196 | 5.775222 | 0.057310 |
|   4 |  0.0008 |   1.299 |      125 | 5.774097 | 0.057310 |
|   5 |  0.0016 |   1.066 |       91 | 5.772469 | 0.056320 |
|   6 |  0.0032 |   0.930 |       72 | 5.770296 | 0.056320 |
|   7 |  0.0064 |   0.918 |       58 | 5.764486 | 0.053633 |
|   8 |  0.0128 |   0.863 |       48 | 5.756274 | 0.051963 |
|   9 |  0.0256 |   0.817 |       40 | 5.738046 | 0.039869 |
|  10 |  0.0512 |   0.828 |       39 | 5.732951 | 0.031357 |
|----------------------------------------------------------|


------------------------------------------------------------
testmap_5.png
Line.point_distance = 0.015
Triangle.distance_trash = 0.02
PolygonDetector.rdp_epsilon = 0.01
PolygonDetector.area_threshold = 400
PolygonDetector.gray_thresh_boundary = 3
------------------------------------------------------------
|----------------------------------------------------------|
| testmap_5.png - [0.05, 0.05] > [0.5, 0.5]                |
|----------------------------------------------------------|
| Fig | epsilon | seconds | vertices | distance | obstacle |
|-----|---------|---------|----------|----------|----------|
|   1 |  0.0000 |  10.946 |      642 | 3.443442 | 0.057545 |
|   2 |  0.0002 |   6.170 |      426 | 3.443103 | 0.057514 |
|   3 |  0.0004 |   2.379 |      211 | 3.441867 | 0.057514 |
|   4 |  0.0008 |   1.705 |      124 | 3.440740 | 0.057514 |
|   5 |  0.0016 |   1.520 |       92 | 3.440034 | 0.057514 |
|   6 |  0.0032 |   1.359 |       70 | 3.438589 | 0.057514 |
|   7 |  0.0064 |   1.347 |       63 | 3.437112 | 0.057514 |
|   8 |  0.0128 |   1.308 |       51 | 3.429679 | 0.048515 |
|   9 |  0.0256 |   1.281 |       46 | 3.429679 | 0.048515 |
|  10 |  0.0512 |   1.287 |       44 | 3.418521 | 0.029126 |
|----------------------------------------------------------|